 0003  4611  12000081420050827 
 0003  4613  12002010120040814 
 0003  4735  12002010120040814 
 0003  7760  12014010120141231 
 0003  7761  12014010120141231 
 0003  7763  12014010120141231 
 0003  7764  12014010120141231 
 0003  7765  12014010120141231 
 0003  7776  12014010120141231 
 0003  7777  12014010120141231 
 0003  7780  11996081220111231 
 0003  7781  12005060620120603 
 0003  7782  12005060620120603 
 0003  7840  12014010120141231 
 0003  9950  12014010120141231 
 0003  9951  12014010120141231 
 0003  9953  12014010120141231 
 0003  9955  12014010120141231 
 0003  9956  12014010120141231 
 0003  9957  12014010120141231 
 0003  9958  12014010120141231 
 0003  9959  12014010120141231 
 0003  9963  12014010120141231 
 0004  1043  02004010120061231 
 0004  7761  12000010120000101 
 0004  7763  12000010120000101 
 0004  7764  12000010120000101 
 0004  7765  12000010120111231 
 0004  7773  12000010120111231 
 0006  2042  12000010120000101 
 0006  6010  12014010120141231 
 0006  6019  12014010120141231 
 0006  6020  12014010120141231 
 0006  6021  12014010120141231 
 0006  6022  12014010120141231 
 0006  6023  12014010120141231 
 0006  6026  12014010120141231 
 0006  6027  12014010120141231 
 0006  6031  12014010120141231 
 0006  6032  12014010120141231 
 0006  6033  12014010120141231 
 0006  6034  12014010120141231 
 0006  6036  12014010120141231 
 0006  6037  12014010120141231 
 0006  6038  12014010120141231 
 0006  6039  12014010120141231 
 0006  6051  12014010120141231 
 0006  6052  12014010120141231 
 0006  6053  12014010120141231 
 0006  6054  12014010120141231 
 0006  6056  12014010120141231 
 0006  6057  12014010120141231 
 0006  6058  12008060120201231 
 0006  6058  12014010120141231 
 0006  6059  12014010120141231 
 0006  6060  12014010120141231 
 0006  6063  12014010120141231 
 0006  6064  12014010120141231 
 0006  6171  12014081120210815 
 0006  6172  12014081120210815 
 0006  6173  12014081120210815 
 0006  6173N 12016081520210815 
 0006  6174  12014081120210815 
 0006  6181  12016081520210815 
 0006  6182  12016062020210815 
 0006  6901  12014081120210815 
 0006  6902  12014081120210815 
 0006  6903  12014081120210815 
 0006  6906  12014081120210815 
 0006  6907  12014081120210815 
 0006  6908  12014081120210815 
 0006  6909  12014081120210815 
 0006  6911  12014081120210815 
 0006  6912  12014081120210815 
 0006  6914X 12016081520170101 
 0006  7167  12014010120141231 
 0006  7175  12014010120141231 
 0006  7176  12014010120141231 
 0006  7177  12014010120141231 
 0006  7178  12014010120141231 
 0006  7179  12014010120141231 
 0006  7180  12014010120141231 
 0006  7181  12014010120141231 
 0006  7182  12014010120141231 
 0006  7185  12014010120141231 
 0006  7186  12014010120141231 
 0006  7189  12014010120141231 
 0006  7190  12014010120141231 
 0006  7277  11999010120061231 
 0006  7280  12014010120141231 
 0006  7290  12014010120141231 
 0006  7346  12000010120201231 
 0006  7346  12014010120141231 
 0006  7486  12014010120141231 
 0006  7540  12014010120141231 
 0006  7643  12014010120141231 
 0006  7760  12014010120141231 
 0006  7761  12014010120141231 
 0006  7762  12014010120141231 
 0006  7763  12014010120141231 
 0006  7764  12014010120141231 
 0006  7765  12014010120141231 
 0006  7776  12014010120141231 
 0006  7830  12014010120141231 
 0006  7835  12014010120141231 
 0006  9785  12014081120190811 
 0006  9786  12014081120190811 
 0006  9787  12014081120190811 
 0006  9788  12014081120190811 
 0006  9841  12014081120190811 
 0006  9962  12014010120141231 
 0006  9963  12014010120141231 
 0006  9964  12014010120141231 
 0006  9965  12014010120141231 
 0006  9966  12014010120141231 
 0006  9982  12015022320190811 
 0006  9984  12014081120190811 
 0006  9985  12014081120190811 
 0006  9986  12014081120190811 
 0006  9987  12014081120190811 
 0006  9989  12014081120190811 
 0006  9991  12014081120190811 
 0006  9992  12014081120190811 
 0006  9993  12014081120190811 
 0006  9994  12014081120190811 
 0006  9995  12014081120190811 
 0006  9996  12014081120190811 
 0007  7760  12000010120000101 
 0007  7780  11996081220111231 
 0007  7781  11996081220050605 
 0007  7782  11996081220050605 
 0012  1002 X12015061220150614 
 0012  1003 X12012100820121209 
 0012  1003 X12012121720140331 
 0012  1003 X12012122420130106 
 0012  1003 X12012122720130106 
 0012  1003 X12015120620151206 
 0012  1003 X12015123120151231 
 0012  1003 X12016042520160501 
 0012  1003 X12016080820160814 
 0012  1004 X12012100820150228 
 0012  1004 X12015120620151206 
 0012  1004 X12015123120151231 
 0012  1007 X12015060120150830 
 0012  1008 X12014081120141123 
 0012  1008 X12015061220150614 
 0012  1009 X12016050920160515 
 0012  1010 X12013102820131103 
 0012  1011  12002010120071231 
 0012  1014  12011010120181231 
 0012  1014B 12011010120181231 
 0012  1014X 12011010120181231 
 0012  1015  12011010120120812 
 0012  1015A 12011010120120812 
 0012  1015V 12011010120120815 
 0012  1016  12002010120071231 
 0012  1016K 12010081620110605 
 0012  1017  12013010120181231 
 0012  1018  12002010120121231 
 0012  1018  12011010120181231 
 0012  1018  12013010120151231 
 0012  1018  12013010120181231 
 0012  1018N 12009010120131231 
 0012  1018N 12011010120181231 
 0012  1018N 12011081520121231 
 0012  1018N 12013010120151231 
 0012  1018N 12013010120181231 
 0012  1020  12006010120111231 
 0012  1020  12016100320170101 
 0012  1020N 12006010120111231 
 0012  1021V 12002050120101231 
 0012  1022  12004010120091231 
 0012  1023  12004010120091231 
 0012  1023  12016010120201231 
 0012  1023N 12004010120091231 
 0012  1023N 12016010120201231 
 0012  1024  12012010120181231 
 0012  1037  12016081520191231 
 0012  1039  12006010120121231 
 0012  1039  12013010120191231 
 0012  1039A 12006010120121231 
 0012  1039N 12009010120131231 
 0012  1039N 12011081520130811 
 0012  1039N 12013010120191231 
 0012  1039N 12013081220191231 
 0012  1040  12009010120131231 
 0012  1040  12012010120181231 
 0012  1040  12012010120181231 
 0012  1041  12012010120181231 
 0012  1042  12012010120181231 
 0012  1043  12009010120131231 
 0012  1043  12007010120181231 
 0012  1043  12012010120181231 
 0012  1045  12006010120121231 
 0012  1045  12013010120191231 
 0012  1046T 12003081720061231 
 0012  1046T 12007010120080831 
 0012  1046T 12008060120081231 
 0012  1047  12007010120111231 
 0012  1048  12014071220140727 
 0012  1049  12014071220140727 
 0012  1051  12009010120131231 
 0012  1052  12009010120131231 
 0012  1052A 12009010120131231 
 0012  1052V 12009010120131231 
 0012  1053  12008081020130815 
 0012  1053  12008081020150809 
 0012  1054  12011010120151231 
 0012  1054B 12011010120151231 
 0012  1055  12002010120071231 
 0012  1055A 12002010120071231 
 0012  1056  12009081620131231 
 0012  1057  12007010120131231 
 0012  1062  12004010120101231 
 0012  1063  12002010120121231 
 0012  1065A 12002050120101231 
 0012  1065B 12008010120081231 
 0012  1065N 12002050120101231 
 0012  1065X 12010090120100930 
 0012  1066  12002050120101231 
 0012  1066A 12002050120101231 
 0012  1066B 12010060120101005 
 0012  1067  12004010120091231 
 0012  1067X 12004010120091231 
 0012  1068  12002010120121231 
 0012  1068X 12002010120121231 
 0012  1069  12007010120121231 
 0012  1070  12010010120170813 
 0012  1070T 12010010120170813 
 0012  1070V 12010010120150809 
 0012  1070X 1                 
 0012  1070X 12011091220151231 
 0012  1071  12002010120121231 
 0012  1071V 12002010120121231 
 0012  1072  12009010120131231 
 0012  1074  12006010120101231 
 0012  1074N 12006010120101231 
 0012  1075  12012010120181231 
 0012  1076N 12014010120181231 
 0012  1077  12012010120181231 
 0012  1078  12009010120150809 
 0012  1079  12007010120131231 
 0012  1080  12006010120111231 
 0012  1080N 12005010120111231 
 0012  1081  12006010120111231 
 0012  1081B 12006010120111231 
 0012  1082  12006010120111231 
 0012  1082B 12006010120111231 
 0012  1083  12002010120071231 
 0012  1084  12005010120141231 
 0012  1085  12005010120141231 
 0012  1085B 12010060720141231 
 0012  1085N 12005010120141231 
 0012  1086  12005010120141231 
 0012  1086B 12005010120141231 
 0012  1086N 12005010120141231 
 0012  1087  12005010120141231 
 0012  1088  12005010120141231 
 0012  1089  12005010120141231 
 0012  1090  12009010120150809 
 0012  1090A 12009010120150809 
 0012  1090B 12009010120150809 
 0012  1090K 12011060620131231 
 0012  1090N 12004010120131231 
 0012  1090N 12009010120150809 
 0012  1090N 12009010120150809 
 0012  1091  12011010120151231 
 0012  1092  12002010120071231 
 0012  1092N 12002010120071231 
 0012  1093  12011010120151231 
 0012  1093A 12009010120101231 
 0012  1093N 12007010120070811 
 0012  1094  12002010120071231 
 0012  1094A 12002010120071231 
 0012  1094B 12002010120071231 
 0012  1094N 12002010120071231 
 0012  1094V 12002010120071231 
 0012  1095  12002010120071231 
 0012  1095N 12002010120071231 
 0012  1096  12009010120150809 
 0012  1096N 12004010120131231 
 0012  1096N 12009010120150809 
 0012  1096N 12009010120150809 
 0012  1097  12002010120071231 
 0012  1097N 12002010120071231 
 0012  1097V 12002010120071231 
 0012  1098  12009010120150809 
 0012  1098A 12009010120150809 
 0012  1099  1                 
 0012  1099  12005062020080831 
 0012  1099  12007060320070630 
 0012  1099  12008060120080831 
 0012  1101N 12009010120131231 
 0012  1102N 12009010120131231 
 0012  1103N 1                 
 0012  1105N 1                 
 0012  1106N 1                 
 0012  1108N 1                 
 0012  1109N 1                 
 0012  1202P 1                 
 0012  1203P 1                 
 0012  1204P 1                 
 0012  1205P 1                 
 0012  1206P 1                 
 0012  1207P 1                 
 0012  1210P 1                 
 0012  1211P 1                 
 0012  1212P 1                 
 0012  1213P 1                 
 0012  1216P 1                 
 0012  1217P 1                 
 0012  1218P 1                 
 0012  1219P 1                 
 0012  1220P 1                 
 0012  1222P 1                 
 0012  1260J 12009010120131231 
 0012  1290J 12009010120131231 
 0012  1292J 12009010120131231 
 0012  1295J 12009010120131231 
 0012  1296J 12009010120131231 
 0012  1297J 12009010120131231 
 0012  1298J 12009010120131231 
 0012  1299J 12009010120131231 
 0012  2003  12000103020060812 
 0012  2005  12000103020040812 
 0012  2010  11999070120040814 
 0012  2020  12002060220041231 
 0012  2022  12007081220120815 
 0012  2023  12007081220120815 
 0012  2026  12002060220041231 
 0012  2028  11999070120040810 
 0012  2031  11999070120040810 
 0012  2038  12015081020180812 
 0012  2052  12007081120120815 
 0012  2057  12007081220120815 
 0012  2102  12009081620160814 
 0012  2103  12009081620160814 
 0012  2109  12005010120050827 
 0012  2120  12005010120090815 
 0012  2121  12005010120090815 
 0012  2122  12007081220090815 
 0012  2132  02009081620100815 
 0012  2150  02009081620110605 
 0012  2194  12011081520170101 
 0012  2195  12011081520170101 
 0012  2206  12002010120090815 
 0012  2210N 12005082820120831 
 0012  2212  12002010120090815 
 0012  2220N 12005082820120831 
 0012  2248  12002060220041231 
 0012  2324  12005010120070811 
 0012  2345  12007081220120815 
 0012  2500T 12005010120070811 
 0012  2501T 12000010120000101 
 0012  2503  12008081020150809 
 0012  2505  12011081520150809 
 0012  2506  12008081020150809 
 0012  2509  12005010120070815 
 0012  2512K 12011010120151231 
 0012  2522  12005010120060812 
 0012  2550  12005010120060812 
 0012  2550  12013081220200816 
 0012  2551  12015081020190811 
 0012  2551N 12011081520190811 
 0012  2551N 12016081520190811 
 0012  2552  12009010120131231 
 0012  2554K 12011010120151231 
 0012  2910P 12005010120060812 
 0012  2910P 12005010120060812 
 0012  2911P 12005010120060812 
 0012  2911P 12005010120060812 
 0012  2912P 12005010120060812 
 0012  2913P 12005010120060812 
 0012  4001  1                 
 0012  4002  1                 
 0012  4017P 12007081220110814 
 0012  4030  12013081220180812 
 0012  4035  12008081020130811 
 0012  4035  12008081020130811 
 0012  4035  12013081220180812 
 0012  4075  12009081620150809 
 0012  4300N 1                 
 0012  4300N 12013081220180812 
 0012  4322  12015081020180812 
 0012  4332  12015081020180812 
 0012  4335  12015081020180812 
 0012  4360  12007081220130811 
 0012  4360  12013081220180812 
 0012  4361  12007081220130811 
 0012  4361  12013081220180812 
 0012  4362  12007081220130811 
 0012  4362  12013081220180812 
 0012  4363  12007081220130811 
 0012  4363  12013081220180812 
 0012  4364  12007081220130811 
 0012  4364  12013081220180812 
 0012  4415  12011081520180812 
 0012  4431  12015081020220814 
 0012  4433  12015081020220814 
 0012  4434  12015081020220814 
 0012  4443  12015081020220814 
 0012  4445  12015081020220814 
 0012  4451  12011081520180812 
 0012  4452  12005010120100815 
 0012  4453  12005010120100815 
 0012  4499  12014071220140727 
 0012  4518  12005010120070811 
 0012  4519  12011081520180812 
 0012  4520  12011081520180812 
 0012  4539  12007081220120815 
 0012  4560  12015081020220814 
 0012  4571  12015081020220814 
 0012  4575  12015081020180812 
 0012  4611  12005082820100815 
 0012  4611  12015081020170813 
 0012  4614  12015081020180812 
 0012  4615  12011081520180812 
 0012  4616  12015081020220814 
 0012  4617  12015111620180812 
 0012  4620  12011081520180812 
 0012  4620N 12011081520180812 
 0012  4665  12015070120151231 
 0012  4665  12015070120150709 
 0012  4666  12015070120151231 
 0012  4730  12009081620150809 
 0012  4732  12005010120090815 
 0012  4734  12005010120090815 
 0012  4740  12005010120070811 
 0012  4741  12005010120070811 
 0012  4742  12005010120070811 
 0012  5510  12007081220120812 
 0012  5510B 12007081220120812 
 0012  5514  12011081520180812 
 0012  5535  12011081520180812 
 0012  5566  12015081020180812 
 0017  1004 X12012122420130106 
 0017  1016  12013010120191231 
 0017  1016X 12013010120191231 
 0017  1020  12016081520230813 
 0017  1020N 12016081520230813 
 0017  1020X 12016081520230813 
 0017  1021  12016081520230813 
 0017  1021V 12016081520230813 
 0017  1054  12016010120220814 
 0017  1065A 02009081620101231 
 0017  1065N 02009081620101231 
 0017  1066  02009081620101231 
 0017  1066A 02009081620101231 
 0017  1071  02007010120121231 
 0017  1073  12011010120170813 
 0017  1073N 12011010120170813 
 0017  1074  02006010120101231 
 0017  1074N 02006010120101231 
 0017  1079  02008010120101231 
 0017  1090  12015081020220814 
 0017  1090A 12015081020220814 
 0017  1090N 12015081020220814 
 0017  1096  12015081020220814 
 0017  1096N 12015081020220814 
 0017  4077  12013081220170813 
 0017  4088  12013081220170813 
 0017  4588  12015081020170813 
 0018  1002 X12016080120160814 
 0018  1008 X12016071820160731 
 0018  1017  12005010120091231 
 0018  1022  12010010120151231 
 0018  1022B 1                 
 0018  1023  12010010120151231 
 0018  1023N 12010010120151231 
 0018  1023N 12014081120151231 
 0018  1040  12006010120111231 
 0018  1050  12005010120090815 
 0018  1050  12014081120191231 
 0018  1050  12014081120151231 
 0018  1051  12014010120150809 
 0018  1051  12015081020191231 
 0018  1052  12014010120191231 
 0018  1052V 12014010120191231 
 0018  1056  12014010120150809 
 0018  1056  12015081020191231 
 0018  1057  12014010120191231 
 0018  1058  12005010120121231 
 0018  1058  12013010120191231 
 0018  1058B 12005010120121231 
 0018  1058B 12013010120191231 
 0018  1059  12005010120121231 
 0018  1059  12013010120191231 
 0018  1059  12014081120151231 
 0018  1064  12010010120171231 
 0018  1064  12015081020171231 
 0018  1064  12018010120230813 
 0018  1064N 12005010120141231 
 0018  1064N 12010010120171231 
 0018  1064N 12014010120171231 
 0018  1065  12016081520230813 
 0018  1066  12016081520230813 
 0018  1067  12010010120160814 
 0018  1067  12016081520230813 
 0018  1067N 12014010120160814 
 0018  1067N 12016081520230813 
 0018  1067V 12010010120160814 
 0018  1067V 12016081520230813 
 0018  1067X 12010010120160814 
 0018  1072  12014010120201231 
 0018  1072N 12014010120201231 
 0018  1083  12008010120111231 
 0018  1103N 12014010120151231 
 0018  2002  12008081020150809 
 0018  2004  12008081020150809 
 0018  2012  12008081020150809 
 0018  2012  12016081520170618 
 0018  2014  12008081020150809 
 0018  2014  12016081520170618 
 0018  2018  02011060620110814 
 0018  2018  12011081520170618 
 0018  2018Z 02011060620110814 
 0018  2018Z 12011081520190811 
 0018  2019  02011060620110814 
 0018  2019  12011081520170618 
 0018  2031  12016081520170618 
 0018  2042  12008081020150809 
 0018  2042  12016081520170618 
 0018  2046  12008081020150809 
 0018  2046  12016081520170618 
 0018  2102  12016081520170101 
 0018  2103  12016081520170101 
 0018  2106  12012081320170101 
 0018  2110  12012081320170101 
 0018  2111  12016081520190811 
 0018  2113  12016081520170101 
 0018  2113N 12016081520170101 
 0018  2114  12016081520170101 
 0018  2114N 12016081520170101 
 0018  2143  12016081520230813 
 0018  2145  12016081520230813 
 0018  2146  12016081520230813 
 0018  2146N 12016081520230813 
 0018  2147  12016081520230813 
 0018  2147N 12016081520230813 
 0018  2150  12016081520170618 
 0018  2160  12000081420070811 
 0018  2164  12016081520230813 
 0018  2165  12016081520230813 
 0018  2165N 12016081520230813 
 0018  2205  12008081020150809 
 0018  2501  12012081320160814 
 0018  2504  12008081020150809 
 0018  2512  12011081520151231 
 0018  2531  12016081520230813 
 0018  2542  12016081520230813 
 0018  2552  12014010120191231 
 0018  2554  12011081520151231 
 0018  4400N 12005082820100815 
 0018  4410N 12005082820101231 
 0018  4555  12016081520190811 
 0018  4600N 12005082820100831 
 0018  4700N 12010081620150809 
 0018  4710N 12010081620150809 
 0018  5510  12012081320190811 
 0019  1053  12005082920080809 
 0019  1078  12015081020160619 
 0019  2096H 12002060220080809 
 0019  2502  12002081120070815 
 0019  2503  12003081720080809 
 0019  2506  12002081120080809 
 0019  2920P 12002090220080809 
 0019  2921P 12002090220080809 
 0019  4050  12010081520150809 
 0019  4516  12003081720100815 
 0019  4611  12010081620150809 
 0019  7632  12014010120141231 
 0019  7635  12014010120141231 
 0019  7637  12014010120141231 
 0019  7638  12014010120141231 
 0019  7850  12014010120141231 
 0019  7860  12014010120141231 
 0019  7870  12014010120141231 
 0019  7933  12014010120141231 
 0019  7974  12014010120141231 
 0019  9005  12007081220120812 
 0019  9008  12007081220120815 
 0019  9009  12010081620120815 
 0020  1004 X12016052320160612 
 0020  1030  12016090120170618 
 0020  2016  02010081620151130 
 0020  2016  12015120120160814 
 0020  2016  12016081520170618 
 0020  2105  12013061720190811 
 0020  2111  12016081520160911 
 0020  2115  020160815         
 0020  2115  12016081520190811 
 0020  2133  120160815         
 0020  2133  12016081520190811 
 0020  5530  12011081520180812 
 0020  5565  12015081020180812 
 0022  1002 X12015090320150906 
 0022  1003 X12015090720150911 
 0022  1006 X12013050120130531 
 0022  1007X 12016080820160814 
 0022  1011  12008010120120812 
 0022  1015  12006010120101231 
 0022  1015A 12006010120101231 
 0022  1015V 12009081620101231 
 0022  1016  12008010120121231 
 0022  1016X 12010060720110605 
 0022  1016X 12010060720110605 
 0022  1017  12012081320121231 
 0022  1020N 12009010120131231 
 0022  1021V 12011010120160814 
 0022  1055  12008010120121231 
 0022  1055A 12008010120121231 
 0022  1062  12011010120160814 
 0022  1064N 12009010120131231 
 0022  1065  12015081020160814 
 0022  1065  12015081020160814 
 0022  1065A 12011010120160814 
 0022  1065N 12009010120131231 
 0022  1065N 12011010120150815 
 0022  1065N 12011010120160814 
 0022  1065N 12014010120160814 
 0022  1066  12011010120160814 
 0022  1066A 12011010120160814 
 0022  1067N 12009010120131231 
 0022  1072  02008122920131231 
 0022  1072N 12009010120131231 
 0022  1073  12006010120101231 
 0022  1073N 12006010120101231 
 0022  1075A 12011010120170813 
 0022  1076A 12011010120170813 
 0022  1076B 12011010120170813 
 0022  1076N 12009010120131231 
 0022  1077A 12011010120170813 
 0022  1079  12014010120201231 
 0022  1080  12012010120181231 
 0022  1081  12012010120181231 
 0022  1081B 12012010120181231 
 0022  1082  12012010120181231 
 0022  1082B 12012010120181231 
 0022  1083  12012010120181231 
 0022  1084  12015010120201231 
 0022  1085  12015010120201231 
 0022  1085B 12015010120201231 
 0022  1085N 12015010120201231 
 0022  1086  12015010120201231 
 0022  1086B 12015010120201231 
 0022  1086N 12015010120201231 
 0022  1088  12015010120201231 
 0022  1089  12015010120201231 
 0022  1092  12008010120121231 
 0022  1092  12013010120191231 
 0022  1092N 12008010120121231 
 0022  1092N 12013010120191231 
 0022  1093  12016010120190811 
 0022  1094  12008010120121231 
 0022  1094  12013010120191231 
 0022  1094A 12008010120121231 
 0022  1094A 12013010120191231 
 0022  1094B 12008010120121231 
 0022  1094B 12013010120191231 
 0022  1094B 12013010120191231 
 0022  1094N 12008010120121231 
 0022  1094N 12013010120191231 
 0022  1094V 12008010120121231 
 0022  1094V 12013010120191231 
 0022  1095  12008010120121231 
 0022  1095  12013010120191231 
 0022  1095N 12008010120121231 
 0022  1095N 12013010120191231 
 0022  1096N 1                 
 0022  1097  12008010120121231 
 0022  1097  12013010120191231 
 0022  1097N 12008010120121231 
 0022  1097N 12013010120191231 
 0022  1097V 12008010120121231 
 0022  1097V 12013010120191231 
 0022  1098  12015081020191231 
 0022  1101N 12004010120081231 
 0022  1102N 12004010120081231 
 0022  1103N 12009010120131231 
 0022  1104N 12009010120131231 
 0022  1105N 12009010120131231 
 0022  1105N 12004010120120812 
 0022  1106N 12009010120131231 
 0022  1106N 12004010120120812 
 0022  1108N 12009010120131231 
 0022  1108N 12004010120120812 
 0022  1109N 12009010120131231 
 0022  1109N 12004010120120812 
 0022  1231J 12009010120131231 
 0022  1232J 12009010120131231 
 0022  1233J 12009010120131231 
 0022  1234J 12009010120131231 
 0022  1235J 12009010120131231 
 0022  1237J 12009010120131231 
 0022  1282J 12009010120131231 
 0022  1290J 12009010120131231 
 0022  1291J 12009010120131231 
 0022  1292J 12009010120131231 
 0022  1293J 12009010120131231 
 0022  1294J 12009010120131231 
 0022  1297J 12009010120131231 
 0022  2002  11999070120030816 
 0022  2003  12008081020130811 
 0022  2003  12013081220160814 
 0022  2003  12016081520170618 
 0022  2005  12008081020130811 
 0022  2005  12013081220160814 
 0022  2005  12016081520170618 
 0022  2010  12009081620160814 
 0022  2010  12016081520170618 
 0022  2011  12004081520090815 
 0022  2012  12003081720080809 
 0022  2013  12004081520090815 
 0022  2014  12003081720080809 
 0022  2015  12009081620160814 
 0022  2015  12016081520170618 
 0022  2018  12004081520110814 
 0022  2018Z 12004081520110814 
 0022  2019  12004081520110814 
 0022  2020  12007081220120812 
 0022  2020  12012081320160814 
 0022  2021  12012081320160814 
 0022  2022  12005010120070811 
 0022  2022  12012081320190811 
 0022  2023  12002060220070811 
 0022  2023  12012081320190811 
 0022  2024  12012081320160814 
 0022  2025  12012081320160814 
 0022  2026  12012081320160814 
 0022  2027  12012081320160814 
 0022  2027N 12007081220120811 
 0022  2027N 12012081320160814 
 0022  2028  12009081620160814 
 0022  2029  12012081320160814 
 0022  2031  12004081120110814 
 0022  2035  12008081020130815 
 0022  2042  12003081720080809 
 0022  2043  12008081020130815 
 0022  2051  12012081320160814 
 0022  2065  12012081320160814 
 0022  2065  12016081520170618 
 0022  2070  12009081620160814 
 0022  2071  12009081620160814 
 0022  2082  12012081320160814 
 0022  2085  12009081620160814 
 0022  2086  12009081620160814 
 0022  2087  12009081620160814 
 0022  2088  12004081620110814 
 0022  2088  12009081620160814 
 0022  2100N 12005082820120831 
 0022  2102  12000081420050827 
 0022  2103  12002010120050827 
 0022  2106  12007081220120813 
 0022  2107  12009081620160814 
 0022  2107  12016081520170618 
 0022  2109  12013061720160814 
 0022  2109  12016081520170618 
 0022  2110  12007081220120813 
 0022  2111  12016091220170101 
 0022  2112  12002010120070811 
 0022  2112  12012101720130811 
 0022  2112  12013081220160814 
 0022  2112  12016081520230813 
 0022  2112N 12016081520230813 
 0022  2118  12016081520230813 
 0022  2118N 12016081520230813 
 0022  2120  12009081620160814 
 0022  2121  12009081620160814 
 0022  2121  12016081520170618 
 0022  2122  12009081620160814 
 0022  2122  12016081520170618 
 0022  2125  12016081520230813 
 0022  2125N 12016081520230813 
 0022  2130N 12005082820120831 
 0022  2134  12016081520230813 
 0022  2134N 12016081520230813 
 0022  2136  12016081520230813 
 0022  2140N 12005082820120831 
 0022  2147  12001010120030816 
 0022  2154  12016081520170618 
 0022  2156  11998081720020810 
 0022  2156  12016081520170618 
 0022  2157  12016081520230813 
 0022  2158  12002010120070811 
 0022  2158  12012081320160814 
 0022  2158  12016081520230813 
 0022  2160  12012081320160814 
 0022  2160  12016081520170618 
 0022  2165  12002010120070811 
 0022  2165  12012081320160814 
 0022  2165N 12012081320160814 
 0022  2194  11996081220000813 
 0022  2195  11996081220000813 
 0022  2201B 12016081520190811 
 0022  2202  12016081520190811 
 0022  2203  12016081520190811 
 0022  2206  12012101720130616 
 0022  2206  12013061720190811 
 0022  2212  12012101720130616 
 0022  2212  12013061720190811 
 0022  2213  12012101720130616 
 0022  2213  12013061720190811 
 0022  2214  12016081520190811 
 0022  2215  12016081520190811 
 0022  2217  12016081520190811 
 0022  2218  12016081520190811 
 0022  2219  12016081520190811 
 0022  2226  12016081520190811 
 0022  2227  12016081520190811 
 0022  2227N 12016081320190811 
 0022  2231  12012081320190811 
 0022  2235  12016081520190811 
 0022  2236  12016081520190811 
 0022  2237B 12015081020190811 
 0022  2238  12016081520190531 
 0022  2239  12016081520190811 
 0022  2242  12016081520190531 
 0022  2245  12016081520190531 
 0022  2246  12016081520190531 
 0022  2247  12012081320190811 
 0022  2248  12012081320190811 
 0022  2270  12012081320190811 
 0022  2315  12012081320190811 
 0022  2321  12015081020190811 
 0022  2324  12012081320190811 
 0022  2345  11998081720020811 
 0022  2345  12012081320190811 
 0022  2348  12016081520190531 
 0022  2349  12016081520190531 
 0022  2435  12012081320190811 
 0022  2436  12015081020190811 
 0022  2502  12015081020220814 
 0022  2512  12006081320110814 
 0022  2532  12016081520230813 
 0022  2533  12013081220160814 
 0022  2533  12016081520230813 
 0022  2543  12013081220160814 
 0022  2543  12016081520230813 
 0022  2548  12016081520230813 
 0022  2549  12016081520230813 
 0022  2550  12006081320130811 
 0022  2554  12016010120220814 
 0022  2554K 12016010120220814 
 0022  2582  12016081520190811 
 0022  4016P 1                 
 0022  4030  12008081020130831 
 0022  4035  12000010120030816 
 0022  4043  12008081020130811 
 0022  4043  12013081220150809 
 0022  4044  12008081020130815 
 0022  4045  12008081020130811 
 0022  4045  12013081220150809 
 0022  4046  12008081020130815 
 0022  4050  12000010120041231 
 0022  4051  12000010120041231 
 0022  4052  12000010120041231 
 0022  4053  12000010120041231 
 0022  4054  12000010120041231 
 0022  4055  12000010120041231 
 0022  4056  12000010120041231 
 0022  4057  12000010120041231 
 0022  4060  12009081620150809 
 0022  4061  12000010120041231 
 0022  4063  12009081620150809 
 0022  4067  12004081520090815 
 0022  4067  12012110520130531 
 0022  4068  12008081020100815 
 0022  4069  12008081020100815 
 0022  4070  12004081520090815 
 0022  4071  12009081620150809 
 0022  4072  12009081620150809 
 0022  4073  12004081620140815 
 0022  4075  12004081520090815 
 0022  4076  12004081520090815 
 0022  4077  12008081020130815 
 0022  4078  12000010120040815 
 0022  4079  12000010120040815 
 0022  4083  12008081020100815 
 0022  4084  12000010120041231 
 0022  4086  12001081320041231 
 0022  4087  12000010120041231 
 0022  4088  12000010120040815 
 0022  4099  12009081620150809 
 0022  4311  12015081020220814 
 0022  4360  11996081220000813 
 0022  4361  11996081220000813 
 0022  4362  11996081220000813 
 0022  4363  11996081220000813 
 0022  4364  11996081220000813 
 0022  4412  12015081020220814 
 0022  4413  12015081020220814 
 0022  4474  12008081020130811 
 0022  4474  12013081220150809 
 0022  4518  12012081320190811 
 0022  4539  11996081220000813 
 0022  4555B 12016081520190811 
 0022  4561  12015081020220814 
 0022  4572  12015081020220814 
 0022  4574  12015081020220814 
 0022  4576  12015081020170813 
 0022  4577  12011010120170813 
 0022  4612  12009081620150809 
 0022  4612  12016081520170813 
 0022  4613  12009081620150809 
 0022  4619  12015081020170813 
 0022  4621  12015081020170813 
 0022  4622  12015081020170813 
 0022  4623  12015081020170813 
 0022  4624  12015081020170813 
 0022  4631  12015081020170813 
 0022  4711  12015081020170813 
 0022  4712  12015081020170813 
 0022  4717  12015081020190811 
 0022  4718  12015081020190811 
 0022  4722  12015081020170813 
 0022  4724  12015081020170813 
 0022  4730  12003081720040815 
 0022  4731  12006081320110814 
 0022  4731  12015081020170813 
 0022  4735  12015081020170813 
 0022  4736  12015081020170813 
 0022  4737  12015081020170813 
 0022  4739  12015081020170813 
 0022  4740  12012081320190811 
 0022  4741  12012081320190811 
 0022  4742  12012081320190811 
 0022  5510B 12012081320190811 
 0022  5530  12007010120110814 
 0022  5532  12007081220120815 
 0022  6243  12014081120160814 
 0022  6243  12016081520190531 
 0023  1011  12012112920121209 
 0023  2109  12000081420041231 
 0023  2120  12002081120041231 
 0023  2121  12002081120041231 
 0023  2122  12002081120041231 
 0023  2132  12000081420040814 
 0023  2324  12002081120041231 
 0023  2345  12002081120041231 
 0023  2500T 12000081420041231 
 0023  2501T 12000081420041231 
 0023  2505  12000081420041231 
 0023  2550  12003081720041231 
 0023  4017P 12004081720041231 
 0023  4452  12003081720041231 
 0023  4453  12003081720041231 
 0023  4516  11999010120030816 
 0023  4518  12002081120041231 
 0023  4711  11998081720030816 
 0023  4730  12004081520041231 
 0023  4732  12003081720041231 
 0023  4734  12003081720041231 
 0023  4740  12002081120041231 
 0023  4741  12002081120041231 
 0023  4742  12002081120041231 
 0023  4746  11998081720040814 
 0024  2003  12006081320080809 
 0024  2005  12003081720080809 
 0024  2016  12006081320100815 
 0024  2022  02009010120090531 
 0024  2035  02000010120000101 
 0024  2043  02007092620080531 
 0024  2057  02009010120090531 
 0024  2061  12004081120110814 
 0024  2081  12004081520110814 
 0024  2095PK12004081520110603 
 0024  2105  02009010120110814 
 0024  2105  12011081520121016 
 0024  2109  12011081520121016 
 0024  2111  02009081620121016 
 0024  2111  11998081720090815 
 0024  2111  12009081620121016 
 0024  2112  12007081220121016 
 0024  2120  02008081020090815 
 0024  2121  02008081020090815 
 0024  2122  02008081020090815 
 0024  2132  02007032320140815 
 0024  2132  02010081620110605 
 0024  2143  02003081720120603 
 0024  2147  02009081620120603 
 0024  2150  02010081620120603 
 0024  2154  02002081120090815 
 0024  2156  02002081120090815 
 0024  2158  12007081220120815 
 0024  2160  12007081220120815 
 0024  2194  12005082820110814 
 0024  2195  12005082820110814 
 0024  2206  12009081620121016 
 0024  2212  12009081620121016 
 0024  2213  12009081620121016 
 0024  2315  12002081120070811 
 0024  2321  12002081120070811 
 0024  2500T 02005010120070811 
 0024  2501  12007081220120812 
 0024  2501T 12007081220120815 
 0024  2910P 12006081320120812 
 0024  2911P 12006081320120812 
 0024  2912P 12006081320120812 
 0024  2913P 12006081320120812 
 0024  2914P 12011081520120815 
 0024  2920P 12001010120020901 
 0024  2921P 12001010120020901 
 0024  2940P 12004081520110814 
 0024  2941P 12004081520110814 
 0024  2942P 12004081520110815 
 0024  2962P 12004081520110814 
 0024  2981P 12006060420110814 
 0024  2982P 12006060420110814 
 0024  2983P 12006060420110814 
 0024  4400N 12010081620121016 
 0024  4452  12010081620121016 
 0024  4453  12010081620121016 
 0024  4516  12010081620121016 
 0024  5530  02009081520180815 
 0025  4003  12007081220120812 
 0026  2270  11998010120011231 
 0027  1003 X12012121020121216 
 0027  1003 X12013081220130818 
 0027  1003 X12015121320151213 
 0027  1004 X12012122420131220 
 0027  1004 X12015121320151213 
 0027  1008 X02015090720150907 
 0027  2011  02009080120140815 
 0027  2016  12010081620151130 
 0027  2028  01999070120040810 
 0027  2085  11999070120040810 
 0027  2087  11999070120040810 
 0027  2102  02008081020090815 
 0027  2103  02008081020090815 
 0027  2105  02011081520121016 
 0027  2105  12005082820130616 
 0027  2132  02009081620100815 
 0027  2143  02009081620100815 
 0027  2145  02009081620100815 
 0027  2147  02010081620110605 
 0027  2150  02010060720110605 
 0027  2158  02007081220120815 
 0027  2160  02011081520120815 
 0027  2503  02008081020091231 
 0027  5530  02011081520180815 
 0028  1020  12012010120160814 
 0028  1020N 12012010120160814 
 0028  1021V 12016081520170101 
 0028  1104N 12014010120151231 
 0028  2002  12003081720080809 
 0028  2004  12003081720080809 
 0028  2004T 12003081720080809 
 0028  2011  12009081620160814 
 0028  2011  12016081520170101 
 0028  2011  12016081520170101 
 0028  2012  12015081020160814 
 0028  2013  12009081620160814 
 0028  2014  12015081020160814 
 0028  2031  12011081520160814 
 0028  2035  12002060220080809 
 0028  2042  12015081020160814 
 0028  2043  12002060220080809 
 0028  2046  12015081020160814 
 0028  2057  12002060220050827 
 0028  2065  12007081220120812 
 0028  2070  11999070120040810 
 0028  2071  11999070120040810 
 0028  2086  11999070120040810 
 0028  2100N 12002081120050827 
 0028  2109  12005082820110814 
 0028  2111  12012101720160814 
 0028  2112  12016081520170618 
 0028  2124  12016081520190811 
 0028  2130N 12002081120050827 
 0028  2132  12009081620160814 
 0028  2132  12016081520170101 
 0028  2140N 12002081120050827 
 0028  2143  12010081620160814 
 0028  2143  12016081520170101 
 0028  2145  12010081620160814 
 0028  2145  12016081520170101 
 0028  2147  12010081620160814 
 0028  2147N 12010081620160814 
 0028  2150  12010081620160814 
 0028  2151  12003081720100815 
 0028  2154  12009081620160814 
 0028  2156  12009081620160814 
 0028  2165  12007081220120812 
 0028  2194  02011021520110814 
 0028  2210N 12002081120050827 
 0028  2220N 12002081120050827 
 0028  2504  12003081720080809 
 0028  2506  12015081020160814 
 0028  5514  02006081320110814 
 0028  5535  02006081320110814 
 0029  2324  01998081720020811 
 0035  1003 X12013081220130818 
 0035  1004 X12012122420131220 
 0035  1004 X12015091920150927 
 0035  1008 X12015090720150907 
 0035  1200K 12013111820151231 
 0035  2109  1                 
 0035  2109  12012101720130616 
 0035  4044  12013081220150809 
 0035  4046  12013081220150809 
 0035  4073  12014081120150809 
 0035  5530  02013051520130531 
 0035  6171  12014081120141231 
 0035  6172  12014081120141231 
 0035  6173  12014081120141231 
 0035  6174  12014081120141231 
 0035  6901  12014081120141231 
 0035  6902  12014081120141231 
 0035  6903  12014081120141231 
 0035  6906  12014081120141231 
 0035  6907  12014081120141231 
 0035  6908  12014081120141231 
 0035  6909  12014081120141231 
 0035  6911  12014081120141231 
 0036  2070  01999070120040810 
 0036  2071  01999070120040810 
 0036  2096H 12008081020150815 
 0036  2102  12016081520170101 
 0036  2103  12016081520170101 
 0036  2224  12016081520190811 
 0036  2920P 12008081020130815 
 0036  2920P 12008081020150809 
 0036  2921P 12008081020130815 
 0036  2921P 12008081020150809 
 0036  4573  12015081020170813 
 0036  4618  12015081020170813 
 0036  4625  12015081020170813 
 0036  4723  12015081020170813 
 0036  4733  12015081020170813 
 0036  4737  12015081020170813 
 0036  6918  12014081120210815 
 0036  6919  12014081120210815 
 0040  1000 X12013100120201231 
 0040  1001  11982090120130930 
 0040  1001  12013100120201231 
 0040  1001  12015010120201231 
 0040  1001A 11982090120191231 
 0040  1001A 12013100120201231 
 0040  1001A 12015010120201231 
 0040  1002  12013100120201231 
 0040  1002  12015010120201231 
 0040  1002X 12014010120201231 
 0040  1003  1                 
 0040  1003  12013100120201231 
 0040  1003  12015010120201231 
 0040  1003B 11982090120191231 
 0040  1003T 11982090120191231 
 0040  1003X 1                 
 0040  1003X 12015010120150614 
 0040  1004  11982090120130930 
 0040  1004  12013100120201231 
 0040  1004  12015010120201231 
 0040  1004T 11982090120130930 
 0040  1004T 12013100120201231 
 0040  1004T 12015010120201231 
 0040  1004T 12015060120171231 
 0040  1004T 12015061520150809 
 0040  1005  12011060620110814 
 0040  1005  120120618         
 0040  1005  12016062020501231 
 0040  1006  11982090120130930 
 0040  1006  12013100120201231 
 0040  1006  12014122920201231 
 0040  1006T 12013100120201231 
 0040  1006T 12014122920201231 
 0040  1007A 11982090120201231 
 0040  1007A 12013100120201231 
 0040  1007A 12015010120201231 
 0040  1007B 11982090120191231 
 0040  1007B 12013100120201231 
 0040  1007B 12015010120201231 
 0040  1007X 12015091420201231 
 0040  1008  12013100120201231 
 0040  1008  12014122920201231 
 0040  1009  12013100120201231 
 0040  1009  12014122920201231 
 0040  1009  12015010120201231 
 0040  1010  12013100120201231 
 0040  1010  12015010120201231 
 0040  1011  12012120120121202 
 0043  4611  12000081420050827 
 0043  4613  11999081220011231 
 0043  4631  11995081420030816 
 0043  4735  11998010120011231 
 0043  7633  11999081620060228 
 0043  7634  12001090120040530 
 0043  7643  12000010120110605 
 0043  7733  11999010120061231 
 0043  7761  12000010120000101 
 0043  7762  12000010120111231 
 0043  7763  12000010120111231 
 0043  7764  12000010120111231 
 0043  7765  12000010120111231 
 0043  7773  12000010120111231 
 0043  7863  12002081220040530 
 0043  7873  1                 
 0043  7873  12004081520060228 
 0043  9633  12006030120070814 
 0043  9738  12006030120070815 
 0043  9873  12006030150070815 
 0045  1004 X12015091920150927 
 0045  1007 X12015083120150913 
 0045  1020  12012010120160814 
 0045  1020N 12012010120160814 
 0045  1051  12007010120081231 
 0045  1052  12007010120081231 
 0045  1052A 12007010120081231 
 0045  1052V 12007010120081231 
 0045  1063  12013010120160619 
 0045  1074  12011010120160619 
 0045  1074N 12011010120160619 
 0045  1085N 12005010120091231 
 0045  1090N 12004010120081231 
 0045  1092N 12000010120011231 
 0045  1094N 12000010120011231 
 0045  1096N 12004010120081231 
 0045  1097N 12000010120011231 
 0045  1103N 1                 
 0045  1103N 12004010120070811 
 0045  1107N 1                 
 0045  1107N 12004010120070811 
 0045  2154  02015081020160814 
 0045  2154  12008100120160814 
 0045  2156  02015081020160814 
 0045  2156  12008100120160814 
 0045  2210N 12002081120050827 
 0045  2220N 12002081120050827 
 0045  4035  12003081720080809 
 0045  4036  12007081220120815 
 0045  4037  12006081320120812 
 0045  4037  12012081320150809 
 0045  4038  12012081320190815 
 0045  4038  12012081320150809 
 0045  4043  12003081720080809 
 0045  4044  12003081720080809 
 0045  4045  12003081720080809 
 0045  4046  12003081720080809 
 0045  4050  12005010120100815 
 0045  4051  12010081620150809 
 0045  4052  12010081620150809 
 0045  4053  12010081620150809 
 0045  4054  12005010120100815 
 0045  4054  12010081620150809 
 0045  4055  12005010120100815 
 0045  4055  12010081620150809 
 0045  4056  12010081620150809 
 0045  4057  12010081620150809 
 0045  4061  12010081620170813 
 0045  4062  12010081620170813 
 0045  4068  12010081620150809 
 0045  4069  12010081620150809 
 0045  4070  12009081620150809 
 0045  4072  02012072720120813 
 0045  4084  12005010120050827 
 0045  4086  12005010120060603 
 0045  4087  12015081020160619 
 0045  4088  12008081020130815 
 0045  4360  11996081220000813 
 0045  4360  12000081420070811 
 0045  4361  11996081220000813 
 0045  4361  12000081420070811 
 0045  4362  11996081220000813 
 0045  4362  12000081420070811 
 0045  4363  12000081420070812 
 0045  4364  12000081420070811 
 0045  4400N 12002081120050827 
 0045  4400N 12010081620170813 
 0045  4410N 12002081120050827 
 0045  4411  12015081020170813 
 0045  4415  12006081320110814 
 0045  4421  12015081020170813 
 0045  4431  12015081020170813 
 0045  4451  12006081320110814 
 0045  4452  12010081620170813 
 0045  4453  12010081620170813 
 0045  4472  11996081720030816 
 0045  4474  12003081720080809 
 0045  4484  11998081720030816 
 0045  4516  12010081620150809 
 0045  4519  12006081320110814 
 0045  4520  12006081320110814 
 0045  4539  12000081420070811 
 0045  4562  12015081020170813 
 0045  4573  12015081020170813 
 0045  4587  12015081020160619 
 0045  4615  12006081320110814 
 0045  4617  12002081120030816 
 0045  4620  12006081320110815 
 0045  4620N 12010060720110814 
 0045  4623  12006081320120812 
 0045  4623  12012081320150809 
 0045  4650  12006081320120812 
 0045  4650  12012081320150809 
 0045  4651  12006081320120812 
 0045  4651  12012081320150809 
 0045  4652  12006081320120812 
 0045  4652  12012081320150809 
 0045  4731  12011081520150809 
 0045  4732  12009081620150809 
 0045  4734  12009081620150809 
 0045  5514  12006081320110814 
 0045  5530  02011081520180815 
 0045  5530  02013081220180812 
 0045  5535  12006081320110814 
 0045  5565  02015081020180812 
 0045  9005  1                 
 0045  9005  12009081620140810 
 0045  9005  12014081120190811 
 0045  9008  12014081120190811 
 0045  9057  12007021220110814 
 0045  9633  12009081620140810 
 0045  9633  12014081120190811 
 0045  9738  12009081620140810 
 0045  9738  12014081120190811 
 0045  9873  12009081620140810 
 0045  9973  12009081620140810 
 0045  9973  12014081120190811 
 0046  4335T 12015081020160619 
 0047  1004 X12015051520150613 
 0047  1015  12012081320160814 
 0047  1026  12016011120160930 
 0047  1026  12016011120170930 
 0047  1031  12014010120181231 
 0047  1032  12014010120181231 
 0047  1033  12014010120181231 
 0047  1034  12014010120181231 
 0047  1035  12014010120181231 
 0047  1036  12015081020181231 
 0047  1091  12016010120190819 
 0047  1094B 02015081020181231 
 0047  1094B 12014010120181231 
 0047  1200K 12012100120151231 
 0047  1200K 12014081820160930 
 0047  1220J 12009010120131231 
 0047  1221J 12010060720131231 
 0047  1261J 12009010120131231 
 0047  1268J 12009010120131231 
 0047  1270J 12009010120131231 
 0047  1271J 12009010120131231 
 0047  1272J 12009010120131231 
 0047  1274J 12009010120131231 
 0047  1275J 12009010120131231 
 0047  1280J 12009010120131231 
 0047  1284J 12009010120131231 
 0047  1290J 12012010120131231 
 0047  1297J 12012010120131231 
 0047  1299J 12012010120131231 
 0047  1603  02014010120181231 
 0047  1604  02014010120181231 
 0047  1701  02014010120181231 
 0047  1702  02014010120181231 
 0047  1703  02014010120181231 
 0047  1705  02014010120181231 
 0047  1801  12014010120181231 
 0047  1802  12014010120181231 
 0047  1805  12014010120181231 
 0047  1811  12014010120181231 
 0047  1812  12014010120181231 
 0047  1813  12014010120181231 
 0047  1814  12014010120181231 
 0047  1815  12014010120181231 
 0047  1816  12014010120181231 
 0047  1817  12014010120181231 
 0047  1818  12014010120181231 
 0047  1819  12014010120181231 
 0047  2061  12011081520140815 
 0047  2081  12011081520160814 
 0047  2096H 12015081020160814 
 0047  2166  12016032720160814 
 0047  2168  12011081520160814 
 0047  2169  12011081520160814 
 0047  2201  12016081520181231 
 0047  2237  12014010120181231 
 0047  2910P 12012081320160814 
 0047  2911P 12012081320160814 
 0047  2912P 12012081320160814 
 0047  2913P 12012081320160814 
 0047  2914P 12012081320160814 
 0047  2920P 12015081020160814 
 0047  2921P 12015081020160814 
 0047  2940P 12011081520160814 
 0047  2941P 12011081520160814 
 0047  2950P 12012101720160814 
 0047  2962P 12011081520140815 
 0047  2980P 12011081520160814 
 0047  2981P 12011081520140815 
 0047  2982P 12011081520140815 
 0047  2983P 12011081520140815 
 0047  4001  12011081520180814 
 0047  4002  12011081520180812 
 0047  4003  12012081320151231 
 0047  4015  12011081520180812 
 0047  4016P 12011081520180812 
 0047  4017P 12011081520150809 
 0047  4048  12011081520180814 
 0047  4075  12004081520090815 
 0047  4088  12004081120080809 
 0047  4311  02015081020220814 
 0047  4313  12015081020180812 
 0047  4412  02015081020220814 
 0047  4413  02015081020220814 
 0047  4432  12015081020180812 
 0047  4444  12015081020180814 
 0047  4445  12015081020180814 
 0047  4446  12015081020180812 
 0047  4447  12015081020180812 
 0047  4448  12016062020160814 
 0047  4572  02015081020220814 
 0047  4574  02015081020220814 
 0047  4611  02008081020100815 
 0047  4713  12015081020190819 
 0047  4719  12012081320151231 
 0047  4719  12016010120190819 
 0047  9005  12012081320140810 
 0047  9008  12012081320140810 
 0049  4003  12004081720070811 
 0050  1300  12011060620501231 
 0050  1300M 12011060620501231 
 0050  1300M 12016010120160814 
 0050  1300V 11982090120191231 
 0050  1300V 12011060620501231 
 0050  1300V 12016010120160814 
 0050  31M1  12016081520501231 
 0050  31M2  12016081520501231 
 0051  4014P 11999091320060812 
 0051  7339  12014010120141231 
 0051  7490  12014010120141231 
 0051  7491  12014010120141231 
 0051  7492  12014010120141231 
 0051  7495  12014010120141231 
 0051  7637  12014010120141231 
 0051  7934  12014010120141231 
 0051  9005  12012081320140810 
 0052  9005  12007010120070820 
 0052  9008  12007010120070820 
 0054  1015  12016081520230813 
 0054  2116  12016081520230813 
 0054  2117  12016081520230813 
 0054  2119  12016081520230813 
 0054  2137  12016081520230813 
 0054  2138  12016081520230813 
 0054  2148  12016081520230813 
 0054  2149  12016081520230813 
 0054  2166  12016081520230813 
 0054  2167  12016081520230813 
 0054  2168  12016081520230813 
 0054  2169  12016081520230813 
 0054  2207  12016081520230813 
 0054  2226A 12016081520230813 
 0054  2229  12016081520230813 
 0054  2232  12016081520230813 
 0054  2241  12016081520230813 
 0055  1055  12013010120191231 
 0055  1063  12016062020191231 
 0055  1068  12013010120191231 
 0055  1069  12013010120191231 
 0055  1071  12013010120191231 
 0055  1071V 12013010120191231 
 0055  1074  12016062020170814 
 0055  1074N 12016062020170814 
 0055  1506  12016081520170813 
 0055  2506  12015081020160814 
 0055  4087  12016062020170613 
 0055  4587  12016062020170613 
 0057  1200K 12012100120151231 
 0058  1094B 12015081020181231 
 0058  1603  12014010120181231 
 0058  1604  12014010120181231 
 0058  1701  12014010120181231 
 0058  1702  12014010120181231 
 0058  1703  12014010120181231 
 0058  1705  12014010120181231 
 0059  4446  12015081020180812 
 0059  4447  12015081020180812 
 0059  4448  12016062020160814 
 0060  1019  11995010120151231 
 0060  1019  12015101320170416 
 0060  1019E 11995010120151231 
 0060  1019E 12015101320170416 
 0060  1043  02004010120061231 
 0090  3001D 12016032720201231 
 0090  3001G 12013100120151231 
 0090  3001H 12013100120201231 
 0090  3001I 12013100120201231 
 0090  3001K 12013100120201231 
 0090  3001N 12013100120201231 
 0090  3001NS12013100120201231 
 0090  3001O 12013100120151231 
 0090  3001R 12013100120201231 
 0090  3001T 12013100120201231 
 0090  3001Z 12013100120201231 
 0090  3002A 12013100120201231 
 0090  3002E 12013100120201231 
 0090  3002L 12013100120201231 
 0090  3002M 12013100120150630 
 0090  3002P 12015070120201231 
 0090  3002S 12013100120201231 
 0090  3002U 12013100120201231 
 0090  3002X 12016032720201231 
 0090  3002Y 12013100120201231 
 0090  9005  02017010120171231 
 0090  9008  02017010120171231 
 0090  9787  02017010120171231 
 0090  9973X 12015081020151231 
 0090  9989  02017010120171231 
 0100  7167  12015010120160619 
 0100  7190  12015010120201231 
 0100  7280  12015010120201231 
 0100  7346  12015010120201231 
 0100  7486  12015010120201231 
 0100  7540  12015010120170108 
 0100  7632  12015081020201231 
 0100  7635  12015081020201231 
 0100  7638  12015081020201231 
 0100  7640  12017010920201231 
 0100  7645  12016081520170108 
 0100  7912  12015010120150614 
 0100  7963  12015081020201231 
 0100  7986  12015010120201231 
 0100  7989  12015010120160814 
 0103  7632  12015010120150809 
 0103  7635  12015010120150809 
 0103  7638  12015010120150809 
 0103  7848  12015010120151231 
 0103  7933  12015010120150809 
 0105  7355  12015010120201231 
 0105  7455  12015010120201231 
 0105  7456  12015010120201231 
 0105  7457  12015010120201231 
 0105  7465  12015010120201231 
 0105  7640  12016060120201231 
 0105  7953  12015081020160614 
 0105  7954  12015010120150531 
 0105  7955  12015081020160614 
 0105  7962  12015081020201231 
 0105  7963  12015081020201231 
 0105  7974  12015010120201231 
 0107  7346  12000010120201231 
 0107  7346  12014010120141231 
 0107  7346  12015010120201231 
 0107  7480  12015030120201231 
 0108  7848  12015010120201231 
 0108  7983  12015010120201231 
 0110  7485  12014010120141231 
 0110  7485  12015010120201231 
 0110  7640  12014010120141231 
 0110  7640  12015010120201231 
 0110  7841  12000010120060603 
 0110  7941  12014010120141231 
 0110  7941  12015010120201231 
 0111  9005  1                 
 0111  9008  1                 
 0112  7346  12000010120201231 
 0112  7346  12014010120141231 
 0112  7346  12015010120160814 
 0112  7486  12014010120141231 
 0112  7487  12014010120141231 
 0112  7487  12000010120050605 
 0112  7487  12005060620151231 
 0112  7487  12015010120151231 
 0113  7280  12014010120141231 
 0113  7280  12015010120201231 
 0114  7280  12014010120141231 
 0114  7280  12015010120201231 
 0116  1043  1                 
 0116  7190  12014010120141231 
 0116  7190  12015010120201231 
 0116  7280  12016081520201231 
 0117  7190  12014010120141231 
 0117  7190  12015010120201231 
 0118  7845  12014010120141231 
 0119  7988  12014081120150809 
 0121  7988  12014081120150809 
 0122  7989  12014081120201231 
 0123  7280  12016081520201231 
 0199  9005  12017010120171231 
 0199  9008  12017010120171231 
 0199  9787  12017010120171231 
 0199  9989  12017010120171231 
